t = linspace(0,2.0944,50);
y = 10 * sin(2*t) + 5  